1		1.8244308	1.1326619	1.1954535	0.7405520
2		1.2522321	1.0980863	1.2566055	0.7619818
3		2.0938375	1.4826471	1.4501642	1.1123320
4		2.4594718	0.9727795	1.5924922	1.2602832
5		1.1462593	1.2943818	0.8084267	0.5155923
6		1.2363556	0.5080836	1.5842552	0.7682964
7		2.3240146	1.2533598	1.9698610	1.7633300
8		1.4541683	1.5822844	1.5898162	1.1704003
9		2.2540683	2.2098476	1.9165759	0.7811384
10		1.5395687	0.7856861	1.1961759	0.8314391
11		1.6347310	1.7883769	1.5196505	0.8091086
12		1.0028629	1.3446061	1.7010742	0.5970079
13		1.1709799	1.1856908	1.2417455	1.0011929
14		1.0860468	1.5476478	2.5135694	1.8176919
15		2.6056098	0.8868057	1.8071555	0.8573487
16		1.5332284	1.1480564	2.0050187	1.2747046
17		1.1930659	1.0548334	1.6551078	0.8014106
18		1.4481959	1.1286289	1.8812882	0.9774319
19		1.4618564	1.1415903	1.6612577	0.7950037
20		1.9902718	0.9205402	1.5435538	0.8062299
21		1.7132326	1.2116770	2.3197306	1.0622483
22		2.2450185	0.6781915	1.2019380	0.8503298
23		1.5362042	1.1074815	1.7569688	0.6147617
24		1.5944886	1.0819071	1.6457777	0.9697671
25		1.4647508	1.3438257	1.4006414	0.8150521
26		2.0477864	0.9937496	1.7190737	0.6765429
27		2.1575612	1.6920070	1.3913160	0.6036329
28		0.9513669	1.1235048	1.6623996	0.7302011
29		1.5181781	1.2047246	2.0762739	1.1361924
30		1.3959888	0.6192974	1.0635587	0.4423551
31		1.9850811	0.8999495	2.9384766	0.6687309
32		1.4583191	1.0890446	1.4815195	0.7929917
33		2.1781220	1.8403649	2.1477039	1.7391329
34		1.6953134	1.2706396	1.5387989	1.0144200
35		2.2445638	2.5880344	1.3913978	2.3429197
36		1.6653878	0.9132613	2.0812010	0.8923719
37		1.9144985	1.1453972	1.6350350	1.5337261
38		1.2545506	0.4545736	1.9071135	1.1108878
39		2.0728462	1.8064756	2.2470141	1.2703205
40		1.8662742	1.5614271	1.4095750	0.9709785
41		2.1532381	1.2483519	1.7969163	0.9791910
42		1.7273937	1.6231412	1.9654692	0.8936096
43		1.9151963	1.2931097	1.6526440	1.4299541
44		2.1608742	1.2412760	2.0337751	1.1467202
45		1.4322770	0.6495170	1.8760178	0.4858579
46		2.0218321	2.1268481	1.2686692	0.6001857
47		1.6157463	1.5061038	1.4971435	0.9129484
48		1.5248972	1.0750045	1.1989869	1.0988586
49		1.0723277	1.1844594	1.4595093	0.8242729
50		1.7468860	0.7809906	1.8307371	0.7982512
51		2.0144121	1.0042741	1.4985723	0.7688486
52		1.8054195	1.1842129	1.2520945	0.9388899
53		1.5796499	0.8954110	1.6641166	0.8154709
54		1.8905310	1.1288756	1.6337652	0.9975043
55		1.4712703	1.4379003	1.5891347	0.9257042
56		2.2051096	1.2024615	1.1119824	1.3736226
57		1.5079056	0.6874703	1.1009863	0.8361488
58		1.3123174	0.9726421	1.5842131	1.2309560
59		1.0431016	0.8484927	1.4685041	0.7403230
60		1.4342527	1.3680854	1.7906399	0.9673938
61		2.0018317	1.1948436	1.5257347	0.7178872
62		3.2715309	2.8835545	1.9751224	1.1475348
63		2.0078498	1.2556197	1.4972907	0.4821066
64		1.7463128	1.5859067	1.9856817	0.7737252
65		2.2817519	1.2701143	2.4007343	1.2770469
66		1.4503216	1.2744645	1.6156367	0.7447864
67		1.4662036	1.3523847	0.7767251	0.8832064
68		1.3582022	1.4594336	1.6981695	0.8820412
69		1.4443260	1.5431860	1.9576188	0.8537330
70		0.7181894	0.5847305	1.1659727	0.6329739
71		1.4997409	1.6256606	2.3181476	1.1018952
72		1.6605676	1.1476223	1.2815192	0.7218853
73		1.5896329	0.9329074	1.4624914	0.7707003
74		1.4077527	1.1926919	1.3921227	0.9764923
75		1.4704907	1.5368378	2.1600419	1.3950772
76		1.4499461	1.3596266	1.2423363	1.0424798
77		1.1980537	0.9848270	1.8762759	0.4454375
78		1.7290312	2.2060779	1.3952539	1.0439526
79		1.9606974	0.9595870	1.5437765	0.8366285
80		1.9205566	1.0410824	2.4246865	1.1193987
81		1.8893964	1.7453123	2.3483421	1.0737216
82		1.6432647	1.4114096	1.8758898	1.1323382
83		0.8395360	0.6897050	1.4905966	0.6358046
84		1.6740983	1.2941795	1.7301465	0.9805125
85		1.4890550	1.2194682	1.5589507	1.4119116
86		1.3533442	1.5731779	1.6552378	1.2899843
87		2.0379170	1.6626403	1.5927502	1.2379870
88		1.6946435	0.3894711	2.5948632	0.8338651
89		1.5887408	1.4144431	1.5793064	0.8051045
90		1.3691730	1.7861241	1.7924807	1.0127288
91		2.0767186	1.4588967	2.0815604	0.9316086
92		1.6040869	0.9405022	1.9113851	0.6599396
93		1.5438713	0.9549507	2.2242854	1.4854728
94		1.6964401	1.2036677	2.0813844	1.1487455
95		1.5909000	1.3147085	1.7454625	0.9948738
96		1.8718891	1.7718104	1.4652367	1.1931796
97		1.1313919	1.7327180	1.4874945	0.8522527
98		2.1723658	1.9948273	1.1688136	0.7025046
99		2.3674416	1.9884697	2.1768213	1.5196136
100		1.6015911	0.8583066	1.1418461	0.6528352


average nmse@nose = 1.682
average nmse@mouth = 1.273
average nmse@forehead = 1.678
average nmse@cheek = 0.968
median nmse@nose = 1.610
median nmse@mouth = 1.208
median nmse@forehead = 1.634
median nmse@cheek = 0.903
standard deviation nmse@nose = 0.410
standard deviation nmse@mouth = 0.430
standard deviation nmse@forehead = 0.390
standard deviation nmse@cheek = 0.316
average nmse@all = 1.400